residue,no_relief,relief
1,0,0
2,0,0
3,0,0
4,0.021051,0.120911
5,0.00721521,0.391304
6,0.0129636,0.00662526
7,0.0160558,0.0248447
8,0.0447977,0.00662526
9,0.000356796,0.015735
10,0.000118932,0.0438923
11,0.000237864,0.0132505
12,0.00059466,0.000828157
13,0.0153422,0
14,0.00253722,0.0182195
15,0.0149854,0
16,7.9288e-05,0
17,0.00218042,0
18,0.000356796,0.0198758
19,0.000555016,0
20,0,0
21,0,0
22,0,0
23,0,0
24,0.00309223,0.119255
25,0.010466,0.00869565
26,0.00130825,0.00993789
27,0.0292969,0.132505
28,0.00321116,0.026501
29,0.00130825,0.00745342
30,0,0
31,0,0
32,0.00166505,0
33,0.000356796,0
34,0.000356796,0.00165631
35,0.00059466,0
36,0.000356796,0.000828157
37,0.000356796,0
38,0.000555016,0.00165631
39,0.000475728,0.00331263
40,0.000515372,0.0115942
41,0.000436084,0
42,0.0137168,0.00662526
43,0.00309223,0
44,0.00019822,0.142857
45,0.00039644,0.0641822
46,0,0
47,0.00222006,0.00993789
48,0.00059466,0.102692
49,0,0
50,0.00019822,0.00248447
51,0,0
52,0,0.00662526
53,0,0
54,0.00717556,0.00910973
55,0.00317152,0
56,0.000356796,0
57,0.0036076,0
58,0.000515372,0.0173913
59,0.00784951,0.0447205
60,0.0388115,0.0124224
61,0.00737378,0.0447205
62,0.000237864,0
63,0.0018038,0.0902692
64,0.00519336,0.0877847
65,0.0019822,0.106004
66,0.00582767,0
67,0,0
68,0.00440048,0.00993789
69,0.0121311,0
70,0,0
71,0.000356796,0
72,0.000416262,0.0447205
73,0.0474142,0.0447205
74,0.00107039,0.0132505
75,0.00780987,0.000828157
76,0.000237864,0.00331263
77,0,0
78,0.00222006,0.13913
79,0,0.00414079
80,0.0016254,0
81,0,0
82,0,0.00124224
83,0.000237864,0.00248447
84,0.00019822,0.00165631
85,0,0.00124224
86,0,0.00124224
87,0,0
88,7.9288e-05,0
89,7.9288e-05,0
90,0.00483657,0
91,0,0
92,0.000237864,0.00496894
93,0,0
94,7.9288e-05,0.0534161
95,7.9288e-05,0
96,0,0
97,0,0
98,7.9288e-05,0.0931677
99,0,0.00455487
100,0.00285437,0.026501
101,0.00166505,0.0720497
102,0.000634304,0.12588
103,0.00451942,0.13913
104,0.0016254,0.1706
105,0.00463835,0.0298137
106,0.00257686,0.139545
107,0.00340938,0.171429
108,0.000356796,0.149896
109,0.000218042,0.439752
110,0.0398422,0
111,0.00562945,0.404141
112,0.0362743,0.35528
113,0.00987136,0.00331263
114,0.000634304,0.00331263
115,0.00483657,0.109317
116,0.00059466,0
117,0.000158576,0.0952381
118,0,0.0140787
119,0.00019822,0
120,0.000951456,0
121,0,0
122,0.000713592,0
123,0.00190291,0
124,0,0.000828157
125,0.0092767,0.00331263
126,0.000753236,0.0902692
127,0,0.0140787
128,0.00114968,0.0273292
129,0.0189102,0.0132505
130,0.00249757,0.00828157
131,0.000475728,0.0115942
132,0.0013479,0.0132505
133,0.00289401,0.0231884
134,0.0322306,0
135,0.0849174,0.142443
136,0.0344903,0.0248447
137,0.0388908,0.026501
138,3.9644e-05,0.0182195
139,0.00111003,0.0198758
140,0,0.000828157
141,0.00059466,0.0182195
142,0,0
143,0,0
144,0.000317152,0.00745342
145,0,0
146,0,0.00124224
147,0.000317152,0.0136646
148,0,0
149,0,0
150,0.000356796,0.000828157
151,0.00107039,0
152,0.203731,0
153,0.000673948,0.0240166
154,0.030962,0.491925
155,0.000436084,0.0505176
156,0.00120914,0.499379
157,0.000356796,0
158,0.0181966,0.0198758
159,0.00130825,0.0115942
161,0.00109021,0.358178
162,0.0045987,0.282402
